line = 57
_min=-149.990000 _max=149.990000
min=88.000000 max=149.990000
from 248.000000 56.000000
to 248.000000 -6.000000
distFrom=67.882251 distTo=55.569776

