line = 32
_min=-149.990000 _max=149.990000
min=146.000000 max=149.990000
from 248.000000 -2.000000
to 248.000000 -7.000000
distFrom=93.295230 distTo=95.880134

