line = 206
_min=-149.990000 _max=149.990000
min=-149.990000 max=-152.000000
from 248.000000 300.000000
to 248.000000 296.000000
distFrom=349.284984 distTo=351.271974

